# Time-averaged data for fix myke1
# TimeStep v_totKe
10000 45982.5
20000 46071.8
30000 46089.7
40000 46086.6
50000 45966.5
60000 46136.5
70000 45937.4
80000 46213.4
90000 46035.3
100000 46047.3
110000 45968.6
120000 46036.6
130000 45887
140000 45899.7
150000 46002.9
160000 45729.2
170000 45802.7
180000 45722.1
190000 45639.8
200000 45643.9
210000 45608.3
220000 45703
230000 45539.6
240000 45437.1
250000 45527.5
260000 45279.8
270000 45297.5
280000 45395.4
290000 45217.8
300000 45207.1
310000 45249
320000 45237.5
330000 45095.1
340000 45136.2
350000 44950.2
360000 45023.9
370000 44835.9
380000 45032.9
390000 44803.7
400000 44803.3
410000 44717.6
420000 44880
430000 44739.8
440000 44666.2
450000 44570
460000 44441.6
470000 44543.3
480000 44506.1
490000 44474.1
500000 44393.1
510000 44312.2
520000 44239.3
530000 44374.4
540000 44168.4
550000 44226.6
560000 44074.8
570000 44161.6
580000 43962.1
590000 43966.2
600000 43981.5
610000 43954.8
620000 43806.5
630000 43839.4
640000 43808.3
650000 43773.5
660000 43711.8
670000 43765.9
680000 43639.4
690000 43688.5
700000 43385.8
710000 43392.4
720000 43533
730000 43397.9
740000 43281.9
750000 43330.9
760000 43291.1
770000 43215.1
780000 43149.9
790000 43233.5
800000 43109.2
810000 43162.9
820000 43041
830000 43136.3
840000 43018.1
850000 42877.8
860000 43012.9
870000 42964.9
880000 42862.3
890000 42614.8
900000 42618.5
910000 42743.7
920000 42660.6
930000 42565.3
940000 42594.2
950000 42553.8
960000 42456.5
970000 42371
980000 42373.2
990000 42210.5
1000000 42299.8
1010000 42326.1
1020000 42223.8
1030000 42079.5
1040000 42175.3
1050000 42039.4
1060000 42029.7
1070000 42012.7
1080000 41931.3
1090000 41828.7
1100000 41835.7
1110000 41957.8
1120000 41812.4
1130000 41713.7
1140000 41617.3
1150000 41724
1160000 41579.3
1170000 41610.1
1180000 41480.7
1190000 41489.2
1200000 41554.3
1210000 41467
1220000 41327.6
1230000 41304.1
1240000 41266.5
1250000 41245.1
1260000 41220.1
1270000 41132
1280000 41206.1
1290000 41169.2
1300000 41037.3
1310000 41034.3
1320000 40928.9
1330000 40851.1
1340000 40906.3
1350000 40834.3
1360000 40772.5
1370000 40778.9
1380000 40672.1
1390000 40632.3
1400000 40726
1410000 40707.4
1420000 40449.2
1430000 40377.6
1440000 40494.1
1450000 40487.9
1460000 40387.1
1470000 40356.5
1480000 40188.8
1490000 40281.6
1500000 40272.1
1510000 40111
1520000 40141
1530000 40051.5
1540000 40047.2
1550000 40028.6
1560000 39822
1570000 39883.3
1580000 39937.6
1590000 39761
1600000 39868.8
1610000 39623.7
1620000 39642.5
1630000 39656.3
1640000 39691.2
1650000 39581
1660000 39511.6
1670000 39518.4
1680000 39389.3
1690000 39334.8
1700000 39341.1
1710000 39366.5
1720000 39243.4
1730000 39176.2
1740000 39167
1750000 39203.4
1760000 39025.3
1770000 39002.7
1780000 38999.3
1790000 39029
1800000 38931.6
1810000 38900.6
1820000 38856.3
1830000 38836.5
1840000 38744.6
1850000 38782.7
1860000 38806.6
1870000 38624.4
1880000 38511.9
1890000 38553.5
1900000 38525.7
1910000 38525.1
1920000 38453.9
1930000 38236.2
1940000 38288.2
1950000 38417.4
1960000 38281.7
1970000 38042
1980000 38061.9
1990000 38252
2000000 38046.5
2010000 38141.8
2020000 38159.1
2030000 37846.7
2040000 37855.6
2050000 38006.1
2060000 37920.7
2070000 37922.1
2080000 37897.8
2090000 37702.1
2100000 37733.8
2110000 37622
2120000 37588
2130000 37568.5
2140000 37570.2
2150000 37415.4
2160000 37386.3
2170000 37481.6
2180000 37391.5
2190000 37371.2
2200000 37196.9
2210000 37199.1
2220000 37145.5
2230000 37027.7
2240000 37142.2
2250000 37026.5
2260000 37019.2
2270000 36981.9
2280000 37048.6
2290000 36892.5
2300000 36758.2
2310000 36946.9
2320000 36751.9
2330000 36814.3
2340000 36854.5
2350000 36617.1
2360000 36619.8
2370000 36558.5
2380000 36489.4
2390000 36595.4
2400000 36427.5
2410000 36405.4
2420000 36336.5
2430000 36279
2440000 36321.8
2450000 36221.3
2460000 36154.2
2470000 36200.4
2480000 36090.9
2490000 36028.8
2500000 35994.5
2510000 36081.8
2520000 35942.9
2530000 35858
2540000 35880.8
2550000 35834.5
2560000 35774.9
2570000 35704.5
2580000 35658.2
2590000 35805.2
2600000 35490.2
2610000 35521.8
2620000 35597.5
2630000 35493.8
2640000 35404.3
2650000 35445.3
2660000 35437
2670000 35445.3
2680000 35169.3
2690000 35243.3
2700000 35191.7
2710000 35126.1
2720000 35143.8
2730000 34973.4
2740000 35004.6
2750000 35087.1
2760000 34953
2770000 34800.9
2780000 34842.6
2790000 34810.5
2800000 34769
2810000 34693
2820000 34758.8
2830000 34639.3
2840000 34579.5
2850000 34562.9
2860000 34456.3
2870000 34437.8
2880000 34444.8
2890000 34304.7
2900000 34232.5
2910000 34268.4
2920000 34358.7
2930000 34145.1
2940000 34136.4
2950000 34143
2960000 34092
2970000 33997.5
2980000 33975
2990000 34037.6
3000000 33921.9
3010000 33843.7
3020000 33942.9
3030000 33867.1
3040000 33757.1
3050000 33720
3060000 33628.9
3070000 33622.6
3080000 33640.7
3090000 33488.8
3100000 33474.2
3110000 33425.8
3120000 33401.5
3130000 33325.6
3140000 33310.4
3150000 33353.9
3160000 33183.4
3170000 33215.5
3180000 33254.9
3190000 33049.5
3200000 33096.6
3210000 33054.5
3220000 33076.6
3230000 32880.3
3240000 32797.9
3250000 32767.7
3260000 32858.9
3270000 32794.5
3280000 32790.1
3290000 32647.6
3300000 32650.7
3310000 32600.1
3320000 32615.8
3330000 32514.6
3340000 32476.6
3350000 32565
3360000 32482.6
3370000 32367
3380000 32325.5
3390000 32317.3
3400000 32249.1
3410000 32215.2
3420000 32177
3430000 32146.8
3440000 32166.1
3450000 32067.8
3460000 31947.8
3470000 31990.5
3480000 31938
3490000 31870.3
3500000 31951.7
3510000 31871.2
3520000 31721.7
3530000 31625.7
3540000 31780.4
3550000 31607
3560000 31533.9
3570000 31511
3580000 31486.1
3590000 31463.8
3600000 31459.9
3610000 31372.5
3620000 31346.8
3630000 31244.9
3640000 31297.2
3650000 31192.4
3660000 31203.5
3670000 31132.8
3680000 31105
3690000 31013
3700000 31006.5
3710000 30897.1
3720000 30944.7
3730000 30900.1
3740000 30864.3
3750000 30812.8
3760000 30665.5
3770000 30582.3
3780000 30716.9
3790000 30547.8
3800000 30601.5
3810000 30546.9
3820000 30500.9
3830000 30418.1
3840000 30353.3
3850000 30389.5
3860000 30333.5
3870000 30324.5
3880000 30320.4
3890000 30208.3
3900000 30174.7
3910000 30202.5
3920000 30054.4
3930000 30025.3
3940000 29988.5
3950000 30000.8
3960000 29859.6
3970000 29851.4
3980000 29858.5
3990000 29776.5
4000000 29780
4010000 29666
4020000 29608.5
4030000 29675.1
4040000 29636.5
4050000 29497.8
4060000 29457.7
4070000 29432.5
4080000 29438.6
4090000 29362.1
4100000 29264
4110000 29273.1
4120000 29270.2
4130000 29209.3
4140000 29178.8
4150000 29187.4
4160000 29095.8
4170000 28967.5
4180000 28981
4190000 28902.8
4200000 28806
4210000 28865.9
4220000 28759.1
4230000 28794.9
4240000 28734.8
4250000 28648.4
4260000 28702.6
4270000 28554.3
4280000 28626.2
4290000 28559.9
4300000 28500.4
4310000 28463.8
4320000 28373.2
4330000 28394
4340000 28327.3
4350000 28191
4360000 28281.1
4370000 28178.6
4380000 28041.5
4390000 28127.4
4400000 28004
4410000 27987.7
4420000 27988.1
4430000 27912.6
4440000 27932.1
4450000 27782.1
4460000 27874.2
4470000 27808.1
4480000 27733.9
4490000 27758.8
4500000 27624.2
4510000 27535.5
4520000 27532.6
4530000 27519.2
4540000 27461
4550000 27472.7
4560000 27415.6
4570000 27351.3
4580000 27278.3
4590000 27191.3
4600000 27257.3
4610000 27237.1
4620000 27034.8
4630000 27126.6
4640000 27027.7
4650000 27037.6
4660000 27027.6
4670000 26968.1
4680000 26817.8
4690000 26817.8
4700000 26853.6
4710000 26729.9
4720000 26725
4730000 26656.7
4740000 26536.7
4750000 26602
4760000 26589.4
4770000 26480.9
4780000 26515.2
4790000 26447.4
4800000 26367.8
4810000 26327.4
4820000 26312.5
4830000 26300.5
4840000 26153.9
4850000 26274.8
4860000 26163.6
4870000 26046.4
4880000 26031.2
4890000 26067.4
4900000 25899.2
4910000 25983.6
4920000 25851.5
4930000 25850.6
4940000 25795.8
4950000 25704.7
4960000 25731.6
4970000 25647
4980000 25674.7
4990000 25581.3
5000000 25572.3
5010000 25513.2
5020000 25433.7
5030000 25438.7
5040000 25405.1
5050000 25333.2
5060000 25302
5070000 25234.7
5080000 25199.6
5090000 25193.8
5100000 25127.4
5110000 25013.8
5120000 25089.6
5130000 25013.3
5140000 24926.6
5150000 24946.3
5160000 24897.9
5170000 24792.7
5180000 24780.1
5190000 24777.3
5200000 24711.4
5210000 24691.1
5220000 24642.4
5230000 24629.1
5240000 24566.1
5250000 24509.5
5260000 24428.6
5270000 24368
5280000 24335.5
5290000 24345.9
5300000 24350
5310000 24223.4
5320000 24217.2
5330000 24162.9
5340000 24152.8
5350000 24075.6
5360000 24056.5
5370000 23985.1
5380000 23905.5
5390000 23941.3
5400000 23854.5
5410000 23875.2
5420000 23842.1
5430000 23734.9
5440000 23751.9
5450000 23664.7
5460000 23641.8
5470000 23497.8
5480000 23515.6
5490000 23601.4
5500000 23439.5
5510000 23385.6
5520000 23361.7
5530000 23322.4
5540000 23255.1
5550000 23167.8
5560000 23252.6
5570000 23172.1
5580000 23076.8
5590000 23064.9
5600000 23017.9
5610000 22966.4
5620000 22974.7
5630000 22906.8
5640000 22843
5650000 22862
5660000 22731.5
5670000 22728.1
5680000 22738.9
5690000 22587.4
5700000 22646.9
5710000 22606.7
5720000 22517.5
5730000 22515.1
5740000 22507.2
5750000 22374.5
5760000 22397.6
5770000 22316.3
5780000 22239.4
5790000 22212.2
5800000 22253.7
5810000 22132.5
5820000 22110.2
5830000 22100.1
5840000 22050.4
5850000 21990
5860000 21925
5870000 21904.7
5880000 21902
5890000 21859.9
5900000 21762.3
5910000 21790.9
5920000 21694.2
5930000 21651.7
5940000 21593.9
5950000 21595.1
5960000 21542.1
5970000 21520.4
5980000 21437.3
5990000 21454.4
6000000 21370.7
6010000 21371.2
6020000 21291.7
6030000 21216.1
6040000 21255.1
6050000 21136.3
6060000 21048.1
6070000 21091.6
6080000 21004.1
6090000 20972.1
6100000 20900.2
6110000 20896.7
6120000 20869
6130000 20839.6
6140000 20774.1
6150000 20668.1
6160000 20671.3
6170000 20629.1
6180000 20564.6
6190000 20559.6
6200000 20550.9
6210000 20484.6
6220000 20458.7
6230000 20462
6240000 20344.3
6250000 20312.3
6260000 20217.5
6270000 20268.3
6280000 20159.6
6290000 20170.3
6300000 20118.3
6310000 19996.4
6320000 20031.2
6330000 19961.1
6340000 19928.2
6350000 19885.5
6360000 19891.9
6370000 19852
6380000 19770.8
6390000 19713.9
6400000 19736.7
6410000 19686.7
6420000 19585
6430000 19569.2
6440000 19571.6
6450000 19480.5
6460000 19442.3
6470000 19382.7
6480000 19395.9
6490000 19308.6
6500000 19277.8
6510000 19261.7
6520000 19173.5
6530000 19174.6
6540000 19080.9
6550000 19045.1
6560000 18988.3
6570000 18935.9
6580000 18967.4
6590000 18872.2
6600000 18822
6610000 18895.6
6620000 18721.5
6630000 18740.9
6640000 18644.4
6650000 18625.5
6660000 18576.3
6670000 18643.1
6680000 18515.1
6690000 18432.9
6700000 18494
6710000 18417.1
6720000 18332.4
6730000 18296.7
6740000 18216.8
6750000 18279.2
6760000 18234.8
6770000 18104.4
6780000 18089.5
6790000 18083.9
6800000 18004.7
6810000 18012.4
6820000 17944
6830000 17900.9
6840000 17853.1
6850000 17809.1
6860000 17770.5
6870000 17744.9
6880000 17642.2
6890000 17643.9
6900000 17587.3
6910000 17550.6
6920000 17531.7
6930000 17443.4
6940000 17506.2
6950000 17368
6960000 17365.9
6970000 17300.2
6980000 17296.7
6990000 17205.7
7000000 17177.2
7010000 17105.7
7020000 17124.1
7030000 17092.8
7040000 16980.7
7050000 16993.2
7060000 16959.8
7070000 16885.5
7080000 16817.6
7090000 16822.1
7100000 16767.5
7110000 16717.6
7120000 16614.4
7130000 16611.1
7140000 16642.5
7150000 16571.7
7160000 16495.8
7170000 16476.4
7180000 16411.4
7190000 16412
7200000 16318.4
7210000 16269.1
7220000 16269.8
7230000 16224.2
7240000 16140.5
7250000 16083.3
7260000 16076.1
7270000 16053.6
7280000 16053.3
7290000 16016.2
7300000 16005.4
7310000 15920.6
7320000 15880.3
7330000 15829.8
7340000 15775.6
7350000 15722.7
7360000 15674.7
7370000 15624.3
7380000 15555.9
7390000 15534.3
7400000 15524.6
7410000 15414
7420000 15423.2
7430000 15364.7
7440000 15257
7450000 15354.5
7460000 15244.6
7470000 15206.2
7480000 15157.6
7490000 15155.7
7500000 15068.7
7510000 15079.7
7520000 14975
7530000 14991.3
7540000 14932.8
7550000 14868.9
7560000 14814.2
7570000 14807.2
7580000 14764.6
7590000 14712
7600000 14649.2
7610000 14615.6
7620000 14561.5
7630000 14555.4
7640000 14484.1
7650000 14458.8
7660000 14450
7670000 14395.1
7680000 14308.4
7690000 14276.8
7700000 14262.6
7710000 14220.9
7720000 14166.7
7730000 14103.7
7740000 14154
7750000 14038.7
7760000 13975.6
7770000 13943.5
7780000 13928.7
7790000 13853.2
7800000 13870.9
7810000 13757.6
7820000 13760.9
7830000 13725.3
7840000 13648.3
7850000 13619
7860000 13600.9
7870000 13516
7880000 13531
7890000 13436.7
7900000 13439.6
7910000 13344.9
7920000 13375.2
7930000 13290.9
7940000 13271.7
7950000 13206.4
7960000 13146.8
7970000 13084.1
7980000 13113.1
7990000 13034.9
8000000 12981.5
8010000 12940.9
8020000 12940.9
8030000 12839
8040000 12819.6
8050000 12776.7
8060000 12730.9
8070000 12700
8080000 12639.2
8090000 12592.8
8100000 12566.6
8110000 12534.1
8120000 12489.2
8130000 12438
8140000 12397.9
8150000 12356.9
8160000 12332.2
8170000 12270.5
8180000 12236.2
8190000 12138.3
8200000 12206.5
8210000 12099.9
8220000 12050.1
8230000 12034.4
8240000 11957.4
8250000 11930
8260000 11901.8
8270000 11843.4
8280000 11803.9
8290000 11757.7
8300000 11719.9
8310000 11724.8
8320000 11654.8
8330000 11624.7
8340000 11583.8
8350000 11499.1
8360000 11481.3
8370000 11418.5
8380000 11395.8
8390000 11352.2
8400000 11302.2
8410000 11242.7
8420000 11211.4
8430000 11151.8
8440000 11156.6
8450000 11080
8460000 11045.6
8470000 11041.6
8480000 10976.1
8490000 10945.4
8500000 10960.1
8510000 10832.1
8520000 10845.3
8530000 10784.9
8540000 10723.1
8550000 10678.5
8560000 10642.2
8570000 10595.3
8580000 10570.9
8590000 10537.7
8600000 10461.5
8610000 10438.8
8620000 10396.7
8630000 10330.9
8640000 10305.4
8650000 10264.3
8660000 10223.1
8670000 10163.1
8680000 10158.9
8690000 10097.6
8700000 10048.2
8710000 10037
8720000 9976.06
8730000 9923.3
8740000 9888.93
8750000 9845.05
8760000 9802.78
8770000 9759.69
8780000 9748.82
8790000 9709.3
8800000 9634.84
8810000 9594.31
8820000 9548.14
8830000 9516.27
8840000 9460.33
8850000 9429.12
8860000 9374.04
8870000 9326.95
8880000 9311.99
8890000 9243.38
8900000 9202.7
8910000 9176.04
8920000 9140.08
8930000 9108.9
8940000 9031.99
8950000 8984.81
8960000 8977.22
8970000 8937.97
8980000 8906.71
8990000 8855.06
9000000 8803.7
9010000 8767.97
9020000 8708.71
9030000 8666.09
9040000 8635.05
9050000 8570.61
9060000 8583.23
9070000 8530.42
9080000 8483.12
9090000 8438.47
9100000 8424.52
9110000 8323.82
9120000 8303.91
9130000 8261.69
9140000 8214.83
9150000 8155.69
9160000 8129.35
9170000 8111.08
9180000 8058.96
9190000 8019.49
9200000 7964.13
9210000 7943.19
9220000 7886.88
9230000 7841.54
9240000 7784.48
9250000 7769.54
9260000 7707.02
9270000 7669.02
9280000 7625.42
9290000 7576.14
9300000 7524.17
9310000 7486.92
9320000 7467.89
9330000 7401.46
9340000 7366.82
9350000 7327.42
9360000 7271.38
9370000 7239.15
9380000 7198.69
9390000 7185.73
9400000 7144.48
9410000 7101.68
9420000 7034.61
9430000 6997.86
9440000 6958.3
9450000 6902.53
9460000 6860.61
9470000 6855.03
9480000 6790.63
9490000 6753.09
9500000 6700.24
9510000 6660.68
9520000 6618.03
9530000 6578.47
9540000 6533.51
9550000 6491.9
9560000 6446.01
9570000 6415.14
9580000 6370.36
9590000 6318.93
9600000 6287.51
9610000 6244.32
9620000 6197.54
9630000 6154.43
9640000 6118.08
9650000 6071.47
9660000 6032.55
9670000 5992.29
9680000 5948.86
9690000 5901.06
9700000 5860.95
9710000 5829.22
9720000 5777.77
9730000 5732.53
9740000 5689.39
9750000 5661.4
9760000 5606.04
9770000 5565.17
9780000 5522.01
9790000 5475.4
9800000 5445.1
9810000 5404.96
9820000 5367.76
9830000 5320.52
9840000 5278.93
9850000 5246.73
9860000 5195.47
9870000 5153.87
9880000 5112.99
9890000 5065.52
9900000 5032.12
9910000 4986.95
9920000 4939.85
9930000 4903.78
9940000 4857.09
9950000 4814.99
9960000 4777.83
9970000 4738.12
9980000 4703.22
9990000 4660.78
10000000 4615.97
10010000 4561.14
10020000 4521.45
10030000 4481.66
10040000 4438.14
10050000 4400.39
10060000 4356.4
10070000 4312.8
10080000 4268.78
10090000 4233.71
10100000 4176.25
10110000 4190.52
10120000 4182.64
10130000 4189.07
10140000 4190.67
10150000 4194.47
10160000 4184.38
10170000 4198.93
10180000 4192.31
10190000 4181.29
10200000 4197.95
