# Time-averaged data for fix myke1
# TimeStep v_totKe
10000 3625.09
20000 4185.98
30000 4174.72
40000 4208.17
50000 4165.21
60000 4209.52
70000 4170.97
80000 4198.35
90000 4184.67
100000 4183.5
110000 4512.92
120000 4964.68
130000 5388.7
140000 5807.59
150000 6225.68
160000 6642.55
170000 7059.75
180000 7477.02
190000 7894.83
200000 8313.45
210000 8733.44
220000 9150.51
230000 9568.05
240000 9988.04
250000 10405.2
260000 10824.8
270000 11243.2
280000 11662.5
290000 12081.3
300000 12498.4
310000 12920.2
320000 13336.1
330000 13754
340000 14173.4
350000 14594.6
360000 15011.2
370000 15430
380000 15848.5
390000 16266.5
400000 16687.2
410000 17105.2
420000 17528.1
430000 17943.5
440000 18357.6
450000 18778.8
460000 19194.8
470000 19617.1
480000 20034.3
490000 20454.9
500000 20872.7
510000 21296
520000 21706.7
530000 22127.2
540000 22541.5
550000 22962
560000 23381.4
570000 23808.4
580000 24222.6
590000 24640.2
600000 25058.5
610000 25471.8
620000 25881.9
630000 26312.9
640000 26728.6
650000 27154.9
660000 27557.6
670000 27974
680000 28407.5
690000 28807
700000 29196.2
710000 29006.3
720000 29186.5
730000 30524.8
740000 31009.5
750000 31350.4
760000 31825.6
770000 32171.9
780000 32627.3
790000 33098.7
800000 33489.7
810000 33910.2
820000 34306.5
830000 34687
840000 35129.7
850000 35520.2
860000 35958.9
870000 36362.2
880000 36806.3
890000 37197
900000 37616.8
910000 38086.4
920000 38486.8
930000 38899.2
940000 39326.3
950000 39792.8
960000 40126.9
970000 40631.9
980000 41025.6
990000 41424.2
1000000 41838.5
1010000 42276.9
1020000 42668.7
1030000 43119.3
1040000 43573.9
1050000 43922.2
1060000 44303.5
1070000 44744.4
1080000 45118.4
1090000 45594
1100000 46142.4
1110000 46129.2
1120000 46133
1130000 46095.8
1140000 46020
1150000 45986.7
1160000 46161
1170000 46080.8
1180000 46118.6
1190000 46093.6
1200000 46023.3
1210000 45971.9
1220000 46186.7
1230000 45985.6
1240000 46211.5
1250000 46054.1
1260000 46171.1
1270000 46016
1280000 46136.8
1290000 45938.5
1300000 45808.2
1310000 46037.9
1320000 46120.3
1330000 46154.1
1340000 45977
1350000 45955.4
1360000 46252.2
1370000 46188.1
1380000 45994.4
1390000 46014.2
1400000 46033.5
1410000 46052.5
1420000 46104.4
1430000 46148.7
1440000 45902.6
1450000 46148.6
1460000 46063.6
1470000 46115.4
1480000 46210.7
1490000 46006
1500000 46053.4
1510000 46081.9
1520000 45992
1530000 46198.2
1540000 46139.6
1550000 46087.6
1560000 46196.1
1570000 45944
1580000 46111.6
1590000 46048.1
1600000 46050.5
1610000 46056.7
1620000 46116.3
1630000 46112.9
1640000 45914.1
1650000 46123.1
1660000 46170.3
1670000 45915.8
1680000 46055
1690000 46155.9
1700000 46112.3
1710000 46081
1720000 46078.5
1730000 46096.5
1740000 46043.3
1750000 46094.5
1760000 46100.7
1770000 45970
1780000 45876.4
1790000 46156.8
1800000 45876.4
1810000 46092.5
1820000 46059.9
1830000 45970.2
1840000 46017.1
1850000 46080.2
1860000 46090.8
1870000 46000.7
1880000 46092.7
1890000 46098.2
1900000 46135.6
1910000 46078.1
1920000 46227.9
1930000 46050.4
1940000 46085.4
1950000 46138.2
1960000 45996.5
1970000 46089.3
1980000 46094.5
1990000 45956
2000000 46110.4
2010000 46120.8
2020000 46014.4
2030000 46222.6
2040000 45911.9
2050000 45923.5
2060000 46018
2070000 46079.8
2080000 45954.3
2090000 46035.8
2100000 45959.6
2110000 46098.5
2120000 46092.5
2130000 46114.1
2140000 46021
2150000 46175.6
2160000 46216.5
2170000 46029.9
2180000 46030.8
2190000 45997.2
2200000 46070
2210000 46019.9
2220000 46032.5
2230000 46196.3
2240000 46213
2250000 45943.5
2260000 45933
2270000 46041.6
2280000 46085.9
2290000 46034.4
2300000 46157.4
2310000 45924.9
2320000 45903.9
2330000 46003.5
2340000 46253.8
2350000 45903.2
2360000 46055.9
2370000 46238.4
2380000 46216.2
2390000 46064.7
2400000 46124
2410000 46073
2420000 46060.3
2430000 45945.1
2440000 46119.4
2450000 46040.9
2460000 46078.6
2470000 45984.8
2480000 46010.4
2490000 46093.2
2500000 46039.3
2510000 46050.2
2520000 46111.8
2530000 46066.6
2540000 46078.6
2550000 46098.5
2560000 46058.6
2570000 46106.3
2580000 45918.6
2590000 46130.2
2600000 46007.1
2610000 46128.4
2620000 46114.7
2630000 46055.7
2640000 46091.2
2650000 46000.7
2660000 46143
2670000 46129.1
2680000 46127.8
2690000 46012.3
2700000 46066.1
2710000 45993.3
2720000 46146.8
2730000 46259.9
2740000 46047.8
2750000 45993.6
2760000 46109.7
2770000 46077.5
2780000 46124.8
2790000 46087.4
2800000 46083.2
2810000 46154.2
2820000 46078
2830000 46098.7
2840000 46130.9
2850000 46027.2
2860000 46097.7
2870000 45982.8
2880000 46078.5
2890000 46142.6
2900000 46112.4
2910000 46075
2920000 46139.6
2930000 45996.3
2940000 46041.2
2950000 46029
2960000 45989.4
2970000 46240.6
2980000 46217
2990000 46122.3
3000000 45926.1
3010000 45993.9
3020000 46137.8
3030000 46047.9
3040000 46125.4
3050000 46195.3
3060000 46000.9
3070000 46039.4
3080000 46060.7
3090000 46001.3
3100000 46025.2
3110000 46145.1
3120000 45999.3
3130000 46102.8
3140000 45995.6
3150000 46139
3160000 45951.1
3170000 46091.6
3180000 46219.4
3190000 46031.2
3200000 46059.4
3210000 45962
3220000 46055.1
3230000 46122.3
3240000 46090.5
3250000 46040.9
3260000 46133.1
3270000 46073.5
3280000 46175.2
3290000 46220.2
3300000 46139.3
3310000 46036.1
3320000 46072.7
3330000 46048.7
3340000 46052.8
3350000 46055.9
3360000 46138.7
3370000 46152.1
3380000 45917.8
3390000 46028.2
3400000 46072.7
3410000 46019.8
3420000 46165.3
3430000 46103.4
3440000 45994.1
3450000 46205.5
3460000 46095.2
3470000 46094.2
3480000 46145.5
3490000 46161
3500000 46193.6
3510000 46137.3
3520000 45900.8
3530000 46068.9
3540000 46071.3
3550000 46112.4
3560000 46013.5
3570000 46078.5
3580000 46000.3
3590000 46259.6
3600000 46150
3610000 46088.4
3620000 46142.4
3630000 46185.9
3640000 46219.2
3650000 45879.1
3660000 46086.8
3670000 46216.6
3680000 46315.9
3690000 45995.9
3700000 45895.6
3710000 45995
3720000 46142.2
3730000 46099.7
3740000 45978.2
3750000 46072.9
3760000 46056.6
3770000 45974.8
3780000 46154.6
3790000 46044.2
3800000 46125.7
3810000 46039.1
3820000 46150.7
3830000 46112.7
3840000 45975.2
3850000 45991.4
3860000 46107.4
3870000 46056.2
3880000 46072.6
3890000 46112.8
3900000 46066.7
3910000 46050.5
3920000 46016.8
3930000 46114.6
3940000 46037
3950000 45987.2
3960000 45877.3
3970000 46111.6
3980000 46052.7
3990000 46155.9
4000000 45879.1
4010000 45943.6
4020000 46095.3
4030000 46036.8
4040000 45950.1
4050000 46259.8
4060000 46138.7
4070000 45949.5
4080000 46082.2
4090000 46072.9
4100000 46184.4
4110000 46103.2
4120000 46132.3
4130000 45941.1
4140000 46045.4
4150000 46145.4
4160000 46119.2
4170000 46049.5
4180000 46086.4
4190000 46122.9
4200000 46086.5
4210000 46144.9
4220000 46051.5
4230000 46060.7
4240000 46111.2
4250000 46070
4260000 46163.1
4270000 45998
4280000 46204
4290000 46113.8
4300000 46126.9
4310000 45957.5
4320000 46021.6
4330000 46030.7
4340000 46136.5
4350000 45958.7
4360000 45877.3
4370000 46105.3
4380000 46083.9
4390000 46077
4400000 46057.5
4410000 45951.7
4420000 46119.7
4430000 46179.7
4440000 46188.3
4450000 45938.6
4460000 46143
4470000 46051.9
4480000 46092.7
4490000 46104.8
4500000 45951.9
4510000 46199.1
4520000 46065.4
4530000 46094
4540000 46114
4550000 46027.1
4560000 46099.8
4570000 46093.3
4580000 46056.5
4590000 46123.7
4600000 45986.2
4610000 46121
4620000 46065.2
4630000 46044.7
4640000 45979.2
4650000 46117.6
4660000 46020.5
4670000 46076.9
4680000 46088.5
4690000 46065.4
4700000 46077.3
4710000 46072.5
4720000 46027
4730000 46107.5
4740000 46027.3
4750000 46129.7
4760000 46062.1
4770000 46100.8
4780000 46049.3
4790000 45974.3
4800000 45946.5
4810000 46184.4
4820000 46167.3
4830000 45930.6
4840000 45979.8
4850000 46035.7
4860000 46182.3
4870000 45953.4
4880000 45981.4
4890000 46034.9
4900000 46014.5
4910000 46052.3
4920000 46123.8
4930000 46097
4940000 46100.7
4950000 46074.8
4960000 46058.8
4970000 46044.9
4980000 46021.8
4990000 46014
5000000 46034.3
5010000 46119.5
5020000 46088.5
5030000 45923.9
5040000 46049.6
5050000 46216.7
5060000 45925.4
5070000 46031.2
5080000 46110.2
5090000 46084.4
5100000 46093.1
5110000 46067.3
5120000 46099.6
5130000 45991
5140000 46124.4
5150000 46005
5160000 45827.8
5170000 46025.7
5180000 46000.7
5190000 45963.1
5200000 46079.7
5210000 46109.6
5220000 46000.7
5230000 45897.1
5240000 46035.8
5250000 46223.9
5260000 45918.2
5270000 46121.1
5280000 45942.1
5290000 46056.7
5300000 46113.5
5310000 46009.3
5320000 45958.5
5330000 46061.5
5340000 46115.2
5350000 46081.8
5360000 46176.3
5370000 46074.1
5380000 46109.9
5390000 45947
5400000 46121.5
5410000 46034.4
5420000 46219.1
5430000 46198.2
5440000 45989.4
5450000 46196.3
5460000 46183.1
5470000 46146.9
5480000 46047.8
5490000 46022
5500000 46192.6
5510000 46065.5
5520000 45938.3
5530000 46029.7
5540000 46190.7
5550000 45915.7
5560000 46123.8
5570000 46083.5
5580000 46146.2
5590000 45957.2
5600000 45989.1
5610000 46084
5620000 46108.6
5630000 46126
5640000 46014.9
5650000 45971.3
5660000 46129.2
5670000 45947.3
5680000 46083.9
5690000 46046.5
5700000 46061.7
5710000 46078.6
5720000 46072.7
5730000 46099.4
5740000 46091.7
5750000 46190.5
5760000 46170.6
5770000 45877.7
5780000 45996.1
5790000 46187.2
5800000 46089.2
5810000 46138.6
5820000 46033.2
5830000 46170.6
5840000 46117.5
5850000 45998.5
5860000 46060.7
5870000 46168.3
5880000 46032.9
5890000 46160.5
5900000 46098.9
5910000 46104.9
5920000 46133
5930000 46199.4
5940000 46142.2
5950000 46114
5960000 46004.4
5970000 46035.5
5980000 46070.5
5990000 46142.3
6000000 46125
6010000 45991.5
6020000 46006.4
6030000 46024.3
6040000 46050.4
6050000 46137.7
6060000 45996.2
6070000 46158.1
6080000 46042.7
6090000 45919.4
6100000 46194.7
