# Time-averaged data for fix mype1
# TimeStep v_totPe
10000 -394534
20000 -394650
30000 -394501
40000 -394520
50000 -394667
60000 -394623
70000 -394947
80000 -394585
90000 -394595
100000 -394586
110000 -394758
120000 -394677
130000 -394718
140000 -394945
150000 -394815
160000 -395082
170000 -394921
180000 -395133
190000 -395269
200000 -395308
210000 -395257
220000 -395063
230000 -395466
240000 -395478
250000 -395378
260000 -395717
270000 -395612
280000 -395525
290000 -396004
300000 -395667
310000 -395856
320000 -395887
330000 -396133
340000 -395844
350000 -396102
360000 -396118
370000 -396525
380000 -396190
390000 -396441
400000 -396227
410000 -396555
420000 -396420
430000 -396617
440000 -396679
450000 -396673
460000 -396906
470000 -396742
480000 -396861
490000 -396980
500000 -396998
510000 -397054
520000 -397381
530000 -397097
540000 -397258
550000 -397264
560000 -397446
570000 -397306
580000 -397584
590000 -397455
600000 -397406
610000 -397645
620000 -397726
630000 -397678
640000 -397841
650000 -397836
660000 -398166
670000 -397904
680000 -398244
690000 -398127
700000 -398313
710000 -398257
720000 -398382
730000 -398444
740000 -398403
750000 -398467
760000 -398620
770000 -398580
780000 -398679
790000 -398739
800000 -398889
810000 -398766
820000 -399047
830000 -398990
840000 -398925
850000 -399196
860000 -399077
870000 -399184
880000 -399210
890000 -399441
900000 -399620
910000 -399298
920000 -399679
930000 -399654
940000 -399603
950000 -399635
960000 -399774
970000 -399836
980000 -399774
990000 -400134
1000000 -400131
1010000 -399950
1020000 -400095
1030000 -400178
1040000 -400228
1050000 -400411
1060000 -400218
1070000 -400398
1080000 -400503
1090000 -400525
1100000 -400749
1110000 -400602
1120000 -400667
1130000 -400831
1140000 -401007
1150000 -400821
1160000 -401071
1170000 -400971
1180000 -401208
1190000 -401278
1200000 -401077
1210000 -401104
1220000 -401210
1230000 -401505
1240000 -401436
1250000 -401549
1260000 -401461
1270000 -401875
1280000 -401771
1290000 -401702
1300000 -401909
1310000 -401903
1320000 -401765
1330000 -402092
1340000 -402106
1350000 -402187
1360000 -402326
1370000 -402433
1380000 -402301
1390000 -402289
1400000 -402157
1410000 -402414
1420000 -402697
1430000 -402670
1440000 -402549
1450000 -402713
1460000 -402857
1470000 -402805
1480000 -402982
1490000 -402958
1500000 -402954
1510000 -403157
1520000 -403106
1530000 -403238
1540000 -403398
1550000 -403342
1560000 -403565
1570000 -403391
1580000 -403517
1590000 -403963
1600000 -403620
1610000 -403657
1620000 -403696
1630000 -403932
1640000 -403824
1650000 -403897
1660000 -404064
1670000 -404187
1680000 -404197
1690000 -404164
1700000 -404365
1710000 -404260
1720000 -404410
1730000 -404573
1740000 -404495
1750000 -404584
1760000 -404681
1770000 -404734
1780000 -404757
1790000 -404803
1800000 -405030
1810000 -405032
1820000 -404895
1830000 -404932
1840000 -405160
1850000 -405261
1860000 -405156
1870000 -405254
1880000 -405499
1890000 -405377
1900000 -405544
1910000 -405587
1920000 -405604
1930000 -405848
1940000 -405752
1950000 -405835
1960000 -406012
1970000 -406122
1980000 -406118
1990000 -405912
2000000 -406135
2010000 -406093
2020000 -406276
2030000 -406454
2040000 -406489
2050000 -406371
2060000 -406551
2070000 -406541
2080000 -406504
2090000 -406754
2100000 -406700
2110000 -406964
2120000 -406912
2130000 -407003
2140000 -406954
2150000 -407197
2160000 -407088
2170000 -407202
2180000 -407273
2190000 -407295
2200000 -407532
2210000 -407468
2220000 -407640
2230000 -407737
2240000 -407608
2250000 -407694
2260000 -407708
2270000 -407826
2280000 -407787
2290000 -407871
2300000 -408163
2310000 -407928
2320000 -408119
2330000 -407971
2340000 -408032
2350000 -408370
2360000 -408269
2370000 -408412
2380000 -408561
2390000 -408441
2400000 -408720
2410000 -408625
2420000 -408732
2430000 -409052
2440000 -408966
2450000 -408861
2460000 -409046
2470000 -409133
2480000 -409164
2490000 -409107
2500000 -409329
2510000 -409252
2520000 -409328
2530000 -409361
2540000 -409572
2550000 -409661
2560000 -409713
2570000 -409671
2580000 -409863
2590000 -409672
2600000 -409943
2610000 -410059
2620000 -409942
2630000 -410050
2640000 -410074
2650000 -410234
2660000 -410254
2670000 -410314
2680000 -410567
2690000 -410501
2700000 -410446
2710000 -410639
2720000 -410577
2730000 -410718
2740000 -410835
2750000 -410877
2760000 -410862
2770000 -411111
2780000 -411063
2790000 -411071
2800000 -411029
2810000 -411371
2820000 -411287
2830000 -411325
2840000 -411447
2850000 -411499
2860000 -411726
2870000 -411560
2880000 -411702
2890000 -411828
2900000 -411852
2910000 -411830
2920000 -411912
2930000 -412151
2940000 -411921
2950000 -412095
2960000 -412258
2970000 -412262
2980000 -412370
2990000 -412317
3000000 -412562
3010000 -412518
3020000 -412395
3030000 -412572
3040000 -412823
3050000 -412737
3060000 -412840
3070000 -412993
3080000 -412886
3090000 -413029
3100000 -413114
3110000 -413282
3120000 -413295
3130000 -413338
3140000 -413421
3150000 -413284
3160000 -413515
3170000 -413611
3180000 -413563
3190000 -413682
3200000 -413750
3210000 -413890
3220000 -413804
3230000 -414011
3240000 -414255
3250000 -414328
3260000 -414129
3270000 -414135
3280000 -414219
3290000 -414499
3300000 -414318
3310000 -414512
3320000 -414625
3330000 -414603
3340000 -414638
3350000 -414540
3360000 -414751
3370000 -414877
3380000 -414997
3390000 -414882
3400000 -415009
3410000 -415107
3420000 -415268
3430000 -415240
3440000 -415338
3450000 -415397
3460000 -415469
3470000 -415448
3480000 -415591
3490000 -415521
3500000 -415569
3510000 -415647
3520000 -415941
3530000 -415972
3540000 -415831
3550000 -416040
3560000 -416034
3570000 -416115
3580000 -416255
3590000 -416251
3600000 -416263
3610000 -416549
3620000 -416477
3630000 -416645
3640000 -416599
3650000 -416705
3660000 -416863
3670000 -416807
3680000 -416771
3690000 -416984
3700000 -417024
3710000 -417167
3720000 -417151
3730000 -417173
3740000 -417291
3750000 -417294
3760000 -417478
3770000 -417744
3780000 -417519
3790000 -417783
3800000 -417686
3810000 -417842
3820000 -417722
3830000 -417911
3840000 -418074
3850000 -417996
3860000 -418138
3870000 -418182
3880000 -418155
3890000 -418253
3900000 -418406
3910000 -418367
3920000 -418519
3930000 -418618
3940000 -418612
3950000 -418627
3960000 -418768
3970000 -418819
3980000 -418745
3990000 -418961
4000000 -419005
4010000 -419154
4020000 -419178
4030000 -419167
4040000 -419277
4050000 -419302
4060000 -419394
4070000 -419512
4080000 -419540
4090000 -419626
4100000 -419739
4110000 -419785
4120000 -419779
4130000 -419922
4140000 -419882
4150000 -419936
4160000 -420083
4170000 -420227
4180000 -420248
4190000 -420381
4200000 -420510
4210000 -420398
4220000 -420585
4230000 -420519
4240000 -420642
4250000 -420747
4260000 -420660
4270000 -420857
4280000 -420774
4290000 -420879
4300000 -421043
4310000 -421077
4320000 -421194
4330000 -421288
4340000 -421262
4350000 -421522
4360000 -421334
4370000 -421548
4380000 -421713
4390000 -421621
4400000 -421820
4410000 -421798
4420000 -421866
4430000 -421940
4440000 -421920
4450000 -422124
4460000 -422105
4470000 -422139
4480000 -422229
4490000 -422294
4500000 -422388
4510000 -422634
4520000 -422593
4530000 -422523
4540000 -422705
4550000 -422736
4560000 -422733
4570000 -422874
4580000 -423022
4590000 -423163
4600000 -422966
4610000 -423156
4620000 -423373
4630000 -423294
4640000 -423446
4650000 -423349
4660000 -423500
4670000 -423456
4680000 -423637
4690000 -423795
4700000 -423637
4710000 -423839
4720000 -423935
4730000 -424079
4740000 -424139
4750000 -424211
4760000 -424095
4770000 -424273
4780000 -424332
4790000 -424392
4800000 -424428
4810000 -424550
4820000 -424655
4830000 -424596
4840000 -424806
4850000 -424717
4860000 -424829
4870000 -424926
4880000 -425023
4890000 -425164
4900000 -425233
4910000 -425090
4920000 -425434
4930000 -425344
4940000 -425477
4950000 -425675
4960000 -425477
4970000 -425706
4980000 -425656
4990000 -425781
5000000 -425896
5010000 -425905
5020000 -426062
5030000 -426101
5040000 -426068
5050000 -426163
5060000 -426284
5070000 -426428
5080000 -426522
5090000 -426363
5100000 -426591
5110000 -426687
5120000 -426628
5130000 -426790
5140000 -426829
5150000 -426927
5160000 -426888
5170000 -427092
5180000 -427148
5190000 -427102
5200000 -427291
5210000 -427355
5220000 -427261
5230000 -427436
5240000 -427456
5250000 -427581
5260000 -427744
5270000 -427814
5280000 -427798
5290000 -427945
5300000 -427877
5310000 -428046
5320000 -428106
5330000 -428163
5340000 -428159
5350000 -428295
5360000 -428392
5370000 -428404
5380000 -428699
5390000 -428530
5400000 -428623
5410000 -428690
5420000 -428851
5430000 -428866
5440000 -428890
5450000 -429009
5460000 -429107
5470000 -429236
5480000 -429212
5490000 -429182
5500000 -429425
5510000 -429498
5520000 -429500
5530000 -429605
5540000 -429710
5550000 -429841
5560000 -429755
5570000 -429835
5580000 -429955
5590000 -430045
5600000 -430043
5610000 -430122
5620000 -430257
5630000 -430209
5640000 -430427
5650000 -430384
5660000 -430593
5670000 -430655
5680000 -430669
5690000 -430838
5700000 -430706
5710000 -430901
5720000 -430967
5730000 -430972
5740000 -430958
5750000 -431162
5760000 -431150
5770000 -431324
5780000 -431381
5790000 -431446
5800000 -431390
5810000 -431585
5820000 -431568
5830000 -431669
5840000 -431711
5850000 -431887
5860000 -431959
5870000 -432013
5880000 -432037
5890000 -432086
5900000 -432231
5910000 -432225
5920000 -432396
5930000 -432438
5940000 -432499
5950000 -432533
5960000 -432696
5970000 -432628
5980000 -432774
5990000 -432792
6000000 -432879
6010000 -433009
6020000 -433042
6030000 -433172
6040000 -433172
6050000 -433306
6060000 -433390
6070000 -433390
6080000 -433493
6090000 -433603
6100000 -433794
6110000 -433727
6120000 -433777
6130000 -433866
6140000 -433952
6150000 -434073
6160000 -434049
6170000 -434207
6180000 -434314
6190000 -434255
6200000 -434385
6210000 -434414
6220000 -434553
6230000 -434542
6240000 -434666
6250000 -434780
6260000 -434937
6270000 -434885
6280000 -434987
6290000 -435035
6300000 -434961
6310000 -435275
6320000 -435266
6330000 -435348
6340000 -435428
6350000 -435466
6360000 -435415
6370000 -435559
6380000 -435669
6390000 -435689
6400000 -435824
6410000 -435806
6420000 -435985
6430000 -436056
6440000 -436020
6450000 -436137
6460000 -436301
6470000 -436326
6480000 -436381
6490000 -436459
6500000 -436539
6510000 -436606
6520000 -436733
6530000 -436730
6540000 -436815
6550000 -436923
6560000 -437011
6570000 -437092
6580000 -437066
6590000 -437214
6600000 -437317
6610000 -437266
6620000 -437457
6630000 -437525
6640000 -437645
6650000 -437618
6660000 -437756
6670000 -437708
6680000 -437876
6690000 -437909
6700000 -437906
6710000 -438038
6720000 -438179
6730000 -438214
6740000 -438371
6750000 -438249
6760000 -438395
6770000 -438456
6780000 -438614
6790000 -438585
6800000 -438649
6810000 -438759
6820000 -438853
6830000 -438947
6840000 -438953
6850000 -439045
6860000 -439162
6870000 -439182
6880000 -439285
6890000 -439442
6900000 -439438
6910000 -439616
6920000 -439567
6930000 -439685
6940000 -439661
6950000 -439803
6960000 -439879
6970000 -439932
6980000 -440005
6990000 -440095
7000000 -440209
7010000 -440367
7020000 -440288
7030000 -440383
7040000 -440472
7050000 -440504
7060000 -440626
7070000 -440657
7080000 -440751
7090000 -440840
7100000 -440912
7110000 -441032
7120000 -441110
7130000 -441139
7140000 -441132
7150000 -441253
7160000 -441374
7170000 -441413
7180000 -441512
7190000 -441589
7200000 -441647
7210000 -441783
7220000 -441828
7230000 -441926
7240000 -442048
7250000 -442227
7260000 -442431
7270000 -442753
7280000 -443443
7290000 -444334
7300000 -445578
7310000 -446872
7320000 -448036
7330000 -449080
7340000 -449838
7350000 -450355
7360000 -450688
7370000 -450921
7380000 -451057
7390000 -451119
7400000 -451241
7410000 -451342
7420000 -451344
7430000 -451489
7440000 -451605
7450000 -451510
7460000 -451652
7470000 -451703
7480000 -451815
7490000 -451805
7500000 -451923
7510000 -451969
7520000 -452069
7530000 -452083
7540000 -452147
7550000 -452227
7560000 -452305
7570000 -452320
7580000 -452406
7590000 -452444
7600000 -452547
7610000 -452618
7620000 -452656
7630000 -452718
7640000 -452785
7650000 -452804
7660000 -452861
7670000 -452900
7680000 -452998
7690000 -453082
7700000 -453063
7710000 -453139
7720000 -453218
7730000 -453273
7740000 -453223
7750000 -453370
7760000 -453420
7770000 -453489
7780000 -453503
7790000 -453584
7800000 -453580
7810000 -453687
7820000 -453693
7830000 -453762
7840000 -453835
7850000 -453876
7860000 -453902
7870000 -454005
7880000 -453982
7890000 -454098
7900000 -454096
7910000 -454194
7920000 -454197
7930000 -454275
7940000 -454306
7950000 -454400
7960000 -454451
7970000 -454537
7980000 -454521
7990000 -454604
8000000 -454675
8010000 -454736
8020000 -454722
8030000 -454848
8040000 -454878
8050000 -454930
8060000 -454983
8070000 -455030
8080000 -455085
8090000 -455150
8100000 -455193
8110000 -455219
8120000 -455287
8130000 -455329
8140000 -455377
8150000 -455450
8160000 -455451
8170000 -455528
8180000 -455594
8190000 -455672
8200000 -455637
8210000 -455729
8220000 -455788
8230000 -455829
8240000 -455896
8250000 -455929
8260000 -455983
8270000 -456009
8280000 -456093
8290000 -456144
8300000 -456166
8310000 -456198
8320000 -456264
8330000 -456281
8340000 -456342
8350000 -456424
8360000 -456449
8370000 -456542
8380000 -456552
8390000 -456610
8400000 -456656
8410000 -456726
8420000 -456778
8430000 -456833
8440000 -456839
8450000 -456916
8460000 -456941
8470000 -456979
8480000 -457034
8490000 -457069
8500000 -457081
8510000 -457182
8520000 -457185
8530000 -457275
8540000 -457318
8550000 -457377
8560000 -457430
8570000 -457469
8580000 -457497
8590000 -457546
8600000 -457620
8610000 -457643
8620000 -457709
8630000 -457773
8640000 -457800
8650000 -457846
8660000 -457892
8670000 -457961
8680000 -457985
8690000 -458026
8700000 -458093
8710000 -458115
8720000 -458170
8730000 -458233
8740000 -458270
8750000 -458321
8760000 -458373
8770000 -458422
8780000 -458414
8790000 -458486
8800000 -458558
8810000 -458593
8820000 -458655
8830000 -458694
8840000 -458745
8850000 -458796
8860000 -458851
8870000 -458893
8880000 -458931
8890000 -458985
8900000 -459038
8910000 -459077
8920000 -459102
8930000 -459151
8940000 -459225
8950000 -459267
8960000 -459294
8970000 -459325
8980000 -459362
8990000 -459425
9000000 -459478
9010000 -459515
9020000 -459588
9030000 -459621
9040000 -459677
9050000 -459735
9060000 -459715
9070000 -459787
9080000 -459826
9090000 -459888
9100000 -459908
9110000 -459993
9120000 -460031
9130000 -460078
9140000 -460123
9150000 -460201
9160000 -460219
9170000 -460243
9180000 -460297
9190000 -460346
9200000 -460403
9210000 -460420
9220000 -460492
9230000 -460539
9240000 -460594
9250000 -460620
9260000 -460683
9270000 -460723
9280000 -460774
9290000 -460830
9300000 -460884
9310000 -460928
9320000 -460950
9330000 -461009
9340000 -461057
9350000 -461103
9360000 -461149
9370000 -461192
9380000 -461240
9390000 -461246
9400000 -461296
9410000 -461352
9420000 -461406
9430000 -461455
9440000 -461502
9450000 -461553
9460000 -461607
9470000 -461614
9480000 -461670
9490000 -461725
9500000 -461772
9510000 -461818
9520000 -461868
9530000 -461903
9540000 -461961
9550000 -462000
9560000 -462046
9570000 -462087
9580000 -462129
9590000 -462180
9600000 -462229
9610000 -462263
9620000 -462317
9630000 -462365
9640000 -462400
9650000 -462452
9660000 -462492
9670000 -462531
9680000 -462584
9690000 -462633
9700000 -462670
9710000 -462711
9720000 -462766
9730000 -462809
9740000 -462861
9750000 -462889
9760000 -462946
9770000 -462993
9780000 -463033
9790000 -463087
9800000 -463121
9810000 -463161
9820000 -463199
9830000 -463248
9840000 -463296
9850000 -463329
9860000 -463381
9870000 -463430
9880000 -463470
9890000 -463522
9900000 -463557
9910000 -463602
9920000 -463652
9930000 -463694
9940000 -463739
9950000 -463782
9960000 -463828
9970000 -463863
9980000 -463903
9990000 -463949
10000000 -463992
10010000 -464054
10020000 -464093
10030000 -464136
10040000 -464184
10050000 -464219
10060000 -464266
10070000 -464315
10080000 -464355
10090000 -464397
10100000 -464459
10110000 -464442
10120000 -464448
10130000 -464442
10140000 -464441
10150000 -464437
10160000 -464448
10170000 -464432
10180000 -464439
10190000 -464452
10200000 -464433
