# Time-averaged data for fix myat1
# TimeStep v_Toutput
10000 3293.89
20000 3300.28
30000 3301.56
40000 3301.34
50000 3292.74
60000 3304.91
70000 3290.65
80000 3310.42
90000 3297.67
100000 3298.53
110000 3292.89
120000 3297.76
130000 3287.04
140000 3287.95
150000 3295.35
160000 3275.74
170000 3281.01
180000 3275.23
190000 3269.33
200000 3269.63
210000 3267.08
220000 3273.86
230000 3262.15
240000 3254.81
250000 3261.29
260000 3243.55
270000 3244.82
280000 3251.83
290000 3239.11
300000 3238.34
310000 3241.34
320000 3240.52
330000 3230.32
340000 3233.26
350000 3219.94
360000 3225.22
370000 3211.75
380000 3225.86
390000 3209.44
400000 3209.41
410000 3203.27
420000 3214.9
430000 3204.86
440000 3199.59
450000 3192.7
460000 3183.51
470000 3190.79
480000 3188.13
490000 3185.83
500000 3180.03
510000 3174.23
520000 3169.01
530000 3178.69
540000 3163.93
550000 3168.1
560000 3157.23
570000 3163.45
580000 3149.15
590000 3149.45
600000 3150.54
610000 3148.63
620000 3138.01
630000 3140.36
640000 3138.14
650000 3135.65
660000 3131.23
670000 3135.1
680000 3126.04
690000 3129.56
700000 3107.88
710000 3108.34
720000 3118.42
730000 3108.74
740000 3100.43
750000 3103.94
760000 3101.09
770000 3095.64
780000 3090.97
790000 3096.96
800000 3088.06
810000 3091.91
820000 3083.17
830000 3090
840000 3081.54
850000 3071.48
860000 3081.16
870000 3077.72
880000 3070.37
890000 3052.64
900000 3052.91
910000 3061.88
920000 3055.93
930000 3049.1
940000 3051.17
950000 3048.28
960000 3041.31
970000 3035.18
980000 3035.33
990000 3023.68
1000000 3030.08
1010000 3031.96
1020000 3024.63
1030000 3014.3
1040000 3021.16
1050000 3011.43
1060000 3010.73
1070000 3009.51
1080000 3003.68
1090000 2996.33
1100000 2996.84
1110000 3005.58
1120000 2995.16
1130000 2988.09
1140000 2981.19
1150000 2988.83
1160000 2978.46
1170000 2980.67
1180000 2971.4
1190000 2972.02
1200000 2976.68
1210000 2970.43
1220000 2960.44
1230000 2958.75
1240000 2956.06
1250000 2954.53
1260000 2952.74
1270000 2946.43
1280000 2951.73
1290000 2949.09
1300000 2939.65
1310000 2939.43
1320000 2931.88
1330000 2926.31
1340000 2930.26
1350000 2925.1
1360000 2920.67
1370000 2921.13
1380000 2913.48
1390000 2910.63
1400000 2917.34
1410000 2916.01
1420000 2897.51
1430000 2892.39
1440000 2900.73
1450000 2900.29
1460000 2893.06
1470000 2890.87
1480000 2878.86
1490000 2885.51
1500000 2884.83
1510000 2873.28
1520000 2875.44
1530000 2869.03
1540000 2868.72
1550000 2867.39
1560000 2852.59
1570000 2856.97
1580000 2860.86
1590000 2848.22
1600000 2855.94
1610000 2838.38
1620000 2839.73
1630000 2840.72
1640000 2843.22
1650000 2835.32
1660000 2830.35
1670000 2830.84
1680000 2821.59
1690000 2817.68
1700000 2818.14
1710000 2819.96
1720000 2811.14
1730000 2806.33
1740000 2805.66
1750000 2808.27
1760000 2795.52
1770000 2793.9
1780000 2793.66
1790000 2795.78
1800000 2788.8
1810000 2786.59
1820000 2783.41
1830000 2781.99
1840000 2775.41
1850000 2778.14
1860000 2779.85
1870000 2766.8
1880000 2758.74
1890000 2761.72
1900000 2759.72
1910000 2759.69
1920000 2754.58
1930000 2738.99
1940000 2742.72
1950000 2751.97
1960000 2742.25
1970000 2725.08
1980000 2726.5
1990000 2740.12
2000000 2725.4
2010000 2732.23
2020000 2733.46
2030000 2711.09
2040000 2711.73
2050000 2722.51
2060000 2716.39
2070000 2716.49
2080000 2714.75
2090000 2700.73
2100000 2703
2110000 2694.99
2120000 2692.56
2130000 2691.16
2140000 2691.28
2150000 2680.19
2160000 2678.11
2170000 2684.93
2180000 2678.48
2190000 2677.03
2200000 2664.54
2210000 2664.7
2220000 2660.86
2230000 2652.42
2240000 2660.62
2250000 2652.33
2260000 2651.81
2270000 2649.14
2280000 2653.92
2290000 2642.74
2300000 2633.12
2310000 2646.64
2320000 2632.66
2330000 2637.13
2340000 2640.02
2350000 2623
2360000 2623.2
2370000 2618.81
2380000 2613.86
2390000 2621.46
2400000 2609.43
2410000 2607.84
2420000 2602.91
2430000 2598.79
2440000 2601.85
2450000 2594.66
2460000 2589.85
2470000 2593.16
2480000 2585.32
2490000 2580.87
2500000 2578.41
2510000 2584.66
2520000 2574.71
2530000 2568.63
2540000 2570.26
2550000 2566.95
2560000 2562.67
2570000 2557.63
2580000 2554.32
2590000 2564.85
2600000 2542.28
2610000 2544.55
2620000 2549.97
2630000 2542.54
2640000 2536.13
2650000 2539.07
2660000 2538.47
2670000 2539.07
2680000 2519.3
2690000 2524.6
2700000 2520.9
2710000 2516.2
2720000 2517.47
2730000 2505.26
2740000 2507.5
2750000 2513.41
2760000 2503.8
2770000 2492.91
2780000 2495.9
2790000 2493.59
2800000 2490.62
2810000 2485.18
2820000 2489.89
2830000 2481.33
2840000 2477.05
2850000 2475.86
2860000 2468.22
2870000 2466.9
2880000 2467.4
2890000 2457.37
2900000 2452.19
2910000 2454.77
2920000 2461.23
2930000 2445.93
2940000 2445.31
2950000 2445.78
2960000 2442.13
2970000 2435.36
2980000 2433.75
2990000 2438.23
3000000 2429.94
3010000 2424.34
3020000 2431.44
3030000 2426.01
3040000 2418.13
3050000 2415.48
3060000 2408.95
3070000 2408.5
3080000 2409.8
3090000 2398.92
3100000 2397.87
3110000 2394.41
3120000 2392.66
3130000 2387.22
3140000 2386.14
3150000 2389.25
3160000 2377.04
3170000 2379.34
3180000 2382.16
3190000 2367.45
3200000 2370.82
3210000 2367.8
3220000 2369.39
3230000 2355.33
3240000 2349.43
3250000 2347.26
3260000 2353.8
3270000 2349.18
3280000 2348.87
3290000 2338.66
3300000 2338.88
3310000 2335.26
3320000 2336.38
3330000 2329.13
3340000 2326.41
3350000 2332.74
3360000 2326.84
3370000 2318.56
3380000 2315.58
3390000 2314.99
3400000 2310.11
3410000 2307.69
3420000 2304.95
3430000 2302.79
3440000 2304.17
3450000 2297.13
3460000 2288.53
3470000 2291.59
3480000 2287.83
3490000 2282.98
3500000 2288.81
3510000 2283.04
3520000 2272.33
3530000 2265.46
3540000 2276.54
3550000 2264.12
3560000 2258.88
3570000 2257.24
3580000 2255.46
3590000 2253.86
3600000 2253.58
3610000 2247.32
3620000 2245.48
3630000 2238.18
3640000 2241.92
3650000 2234.42
3660000 2235.21
3670000 2230.15
3680000 2228.16
3690000 2221.56
3700000 2221.1
3710000 2213.27
3720000 2216.68
3730000 2213.48
3740000 2210.92
3750000 2207.22
3760000 2196.68
3770000 2190.71
3780000 2200.36
3790000 2188.24
3800000 2192.09
3810000 2188.18
3820000 2184.89
3830000 2178.95
3840000 2174.31
3850000 2176.9
3860000 2172.9
3870000 2172.25
3880000 2171.95
3890000 2163.92
3900000 2161.52
3910000 2163.51
3920000 2152.9
3930000 2150.81
3940000 2148.18
3950000 2149.06
3960000 2138.94
3970000 2138.36
3980000 2138.87
3990000 2132.99
4000000 2133.24
4010000 2125.07
4020000 2120.96
4030000 2125.73
4040000 2122.96
4050000 2113.03
4060000 2110.16
4070000 2108.35
4080000 2108.79
4090000 2103.31
4100000 2096.28
4110000 2096.93
4120000 2096.73
4130000 2092.36
4140000 2090.18
4150000 2090.79
4160000 2084.23
4170000 2075.04
4180000 2076.01
4190000 2070.41
4200000 2063.48
4210000 2067.76
4220000 2060.11
4230000 2062.67
4240000 2058.37
4250000 2052.18
4260000 2056.06
4270000 2045.44
4280000 2050.6
4290000 2045.84
4300000 2041.58
4310000 2038.96
4320000 2032.47
4330000 2033.96
4340000 2029.18
4350000 2019.42
4360000 2025.87
4370000 2018.53
4380000 2008.71
4390000 2014.86
4400000 2006.03
4410000 2004.85
4420000 2004.89
4430000 1999.48
4440000 2000.87
4450000 1990.12
4460000 1996.72
4470000 1991.99
4480000 1986.67
4490000 1988.46
4500000 1978.82
4510000 1972.46
4520000 1972.25
4530000 1971.29
4540000 1967.13
4550000 1967.97
4560000 1963.87
4570000 1959.27
4580000 1954.03
4590000 1947.8
4600000 1952.53
4610000 1951.09
4620000 1936.6
4630000 1943.17
4640000 1936.09
4650000 1936.8
4660000 1936.08
4670000 1931.82
4680000 1921.05
4690000 1921.05
4700000 1923.62
4710000 1914.75
4720000 1914.41
4730000 1909.51
4740000 1900.91
4750000 1905.59
4760000 1904.69
4770000 1896.92
4780000 1899.37
4790000 1894.52
4800000 1888.82
4810000 1885.92
4820000 1884.86
4830000 1883.99
4840000 1873.49
4850000 1882.15
4860000 1874.19
4870000 1865.8
4880000 1864.7
4890000 1867.29
4900000 1855.25
4910000 1861.3
4920000 1851.83
4930000 1851.76
4940000 1847.84
4950000 1841.32
4960000 1843.24
4970000 1837.19
4980000 1839.17
4990000 1832.48
5000000 1831.83
5010000 1827.6
5020000 1821.9
5030000 1822.26
5040000 1819.86
5050000 1814.7
5060000 1812.47
5070000 1807.65
5080000 1805.14
5090000 1804.72
5100000 1799.96
5110000 1791.82
5120000 1797.25
5130000 1791.79
5140000 1785.58
5150000 1786.99
5160000 1783.52
5170000 1775.99
5180000 1775.08
5190000 1774.88
5200000 1770.16
5210000 1768.71
5220000 1765.22
5230000 1764.27
5240000 1759.75
5250000 1755.7
5260000 1749.9
5270000 1745.56
5280000 1743.24
5290000 1743.98
5300000 1744.28
5310000 1735.2
5320000 1734.76
5330000 1730.87
5340000 1730.15
5350000 1724.62
5360000 1723.25
5370000 1718.14
5380000 1712.43
5390000 1714.99
5400000 1708.78
5410000 1710.26
5420000 1707.89
5430000 1700.21
5440000 1701.43
5450000 1695.18
5460000 1693.55
5470000 1683.23
5480000 1684.5
5490000 1690.65
5500000 1679.05
5510000 1675.19
5520000 1673.48
5530000 1670.66
5540000 1665.85
5550000 1659.59
5560000 1665.66
5570000 1659.89
5580000 1653.07
5590000 1652.22
5600000 1648.85
5610000 1645.16
5620000 1645.76
5630000 1640.89
5640000 1636.32
5650000 1637.68
5660000 1628.33
5670000 1628.09
5680000 1628.86
5690000 1618.01
5700000 1622.27
5710000 1619.4
5720000 1613
5730000 1612.84
5740000 1612.27
5750000 1602.77
5760000 1604.41
5770000 1598.59
5780000 1593.08
5790000 1591.13
5800000 1594.11
5810000 1585.43
5820000 1583.83
5830000 1583.1
5840000 1579.55
5850000 1575.22
5860000 1570.56
5870000 1569.11
5880000 1568.92
5890000 1565.9
5900000 1558.91
5910000 1560.95
5920000 1554.03
5930000 1550.99
5940000 1546.84
5950000 1546.93
5960000 1543.14
5970000 1541.58
5980000 1535.63
5990000 1536.85
6000000 1530.85
6010000 1530.89
6020000 1525.2
6030000 1519.78
6040000 1522.58
6050000 1514.06
6060000 1507.75
6070000 1510.87
6080000 1504.59
6090000 1502.3
6100000 1497.15
6110000 1496.91
6120000 1494.92
6130000 1492.81
6140000 1488.12
6150000 1480.53
6160000 1480.75
6170000 1477.73
6180000 1473.11
6190000 1472.75
6200000 1472.13
6210000 1467.38
6220000 1465.53
6230000 1465.76
6240000 1457.33
6250000 1455.04
6260000 1448.25
6270000 1451.89
6280000 1444.1
6290000 1444.87
6300000 1441.14
6310000 1432.41
6320000 1434.9
6330000 1429.88
6340000 1427.52
6350000 1424.46
6360000 1424.93
6370000 1422.07
6380000 1416.25
6390000 1412.18
6400000 1413.81
6410000 1410.23
6420000 1402.94
6430000 1401.81
6440000 1401.98
6450000 1395.46
6460000 1392.72
6470000 1388.45
6480000 1389.4
6490000 1383.14
6500000 1380.94
6510000 1379.78
6520000 1373.46
6530000 1373.54
6540000 1366.83
6550000 1364.27
6560000 1360.2
6570000 1356.44
6580000 1358.7
6590000 1351.88
6600000 1348.28
6610000 1353.56
6620000 1341.09
6630000 1342.48
6640000 1335.56
6650000 1334.21
6660000 1330.68
6670000 1335.47
6680000 1326.3
6690000 1320.41
6700000 1324.79
6710000 1319.28
6720000 1313.21
6730000 1310.66
6740000 1304.93
6750000 1309.4
6760000 1306.22
6770000 1296.88
6780000 1295.81
6790000 1295.41
6800000 1289.74
6810000 1290.29
6820000 1285.39
6830000 1282.3
6840000 1278.88
6850000 1275.72
6860000 1272.96
6870000 1271.13
6880000 1263.77
6890000 1263.9
6900000 1259.84
6910000 1257.21
6920000 1255.86
6930000 1249.53
6940000 1254.03
6950000 1244.13
6960000 1243.98
6970000 1239.27
6980000 1239.02
6990000 1232.5
7000000 1230.46
7010000 1225.34
7020000 1226.66
7030000 1224.42
7040000 1216.38
7050000 1217.28
7060000 1214.88
7070000 1209.56
7080000 1204.7
7090000 1205.02
7100000 1201.11
7110000 1197.54
7120000 1190.15
7130000 1189.91
7140000 1192.16
7150000 1187.09
7160000 1181.65
7170000 1180.26
7180000 1175.61
7190000 1175.65
7200000 1168.94
7210000 1165.41
7220000 1165.46
7230000 1162.2
7240000 1156.2
7250000 1152.1
7260000 1151.59
7270000 1149.97
7280000 1149.95
7290000 1147.29
7300000 1146.52
7310000 1140.45
7320000 1137.56
7330000 1133.94
7340000 1130.06
7350000 1126.27
7360000 1122.84
7370000 1119.22
7380000 1114.32
7390000 1112.78
7400000 1112.08
7410000 1104.15
7420000 1104.82
7430000 1100.63
7440000 1092.91
7450000 1099.9
7460000 1092.02
7470000 1089.27
7480000 1085.79
7490000 1085.66
7500000 1079.42
7510000 1080.21
7520000 1072.71
7530000 1073.88
7540000 1069.69
7550000 1065.11
7560000 1061.19
7570000 1060.69
7580000 1057.64
7590000 1053.87
7600000 1049.37
7610000 1046.96
7620000 1043.09
7630000 1042.65
7640000 1037.55
7650000 1035.73
7660000 1035.1
7670000 1031.17
7680000 1024.96
7690000 1022.69
7700000 1021.68
7710000 1018.69
7720000 1014.81
7730000 1010.3
7740000 1013.9
7750000 1005.64
7760000 1001.12
7770000 998.818
7780000 997.758
7790000 992.351
7800000 993.617
7810000 985.506
7820000 985.744
7830000 983.191
7840000 977.671
7850000 975.574
7860000 974.277
7870000 968.197
7880000 969.273
7890000 962.519
7900000 962.721
7910000 955.944
7920000 958.108
7930000 952.075
7940000 950.696
7950000 946.019
7960000 941.749
7970000 937.26
7980000 939.334
7990000 933.736
8000000 929.906
8010000 927.001
8020000 926.999
8030000 919.704
8040000 918.311
8050000 915.237
8060000 911.958
8070000 909.746
8080000 905.391
8090000 902.066
8100000 900.191
8110000 897.862
8120000 894.645
8130000 890.974
8140000 888.107
8150000 885.165
8160000 883.4
8170000 878.98
8180000 876.522
8190000 869.506
8200000 874.392
8210000 866.754
8220000 863.19
8230000 862.065
8240000 856.55
8250000 854.589
8260000 852.57
8270000 848.38
8280000 845.554
8290000 842.243
8300000 839.538
8310000 839.885
8320000 834.873
8330000 832.715
8340000 829.788
8350000 823.719
8360000 822.445
8370000 817.949
8380000 816.324
8390000 813.194
8400000 809.615
8410000 805.352
8420000 803.109
8430000 798.843
8440000 799.187
8450000 793.701
8460000 791.233
8470000 790.95
8480000 786.258
8490000 784.057
8500000 785.11
8510000 775.937
8520000 776.889
8530000 772.557
8540000 768.131
8550000 764.94
8560000 762.334
8570000 758.976
8580000 757.231
8590000 754.849
8600000 749.395
8610000 747.766
8620000 744.749
8630000 740.037
8640000 738.209
8650000 735.27
8660000 732.316
8670000 728.016
8680000 727.714
8690000 723.322
8700000 719.786
8710000 718.984
8720000 714.619
8730000 710.84
8740000 708.378
8750000 705.235
8760000 702.206
8770000 699.12
8780000 698.341
8790000 695.51
8800000 690.176
8810000 687.273
8820000 683.966
8830000 681.683
8840000 677.676
8850000 675.44
8860000 671.494
8870000 668.122
8880000 667.049
8890000 662.135
8900000 659.221
8910000 657.311
8920000 654.735
8930000 652.501
8940000 646.992
8950000 643.613
8960000 643.069
8970000 640.258
8980000 638.018
8990000 634.318
9000000 630.639
9010000 628.08
9020000 623.834
9030000 620.781
9040000 618.558
9050000 613.942
9060000 614.846
9070000 611.063
9080000 607.675
9090000 604.476
9100000 603.477
9110000 596.264
9120000 594.837
9130000 591.813
9140000 588.456
9150000 584.22
9160000 582.333
9170000 581.024
9180000 577.291
9190000 574.463
9200000 570.498
9210000 568.998
9220000 564.964
9230000 561.716
9240000 557.629
9250000 556.559
9260000 552.08
9270000 549.358
9280000 546.235
9290000 542.705
9300000 538.982
9310000 536.314
9320000 534.95
9330000 530.192
9340000 527.711
9350000 524.888
9360000 520.873
9370000 518.565
9380000 515.667
9390000 514.738
9400000 511.783
9410000 508.718
9420000 503.913
9430000 501.28
9440000 498.447
9450000 494.452
9460000 491.449
9470000 491.049
9480000 486.436
9490000 483.747
9500000 479.961
9510000 477.127
9520000 474.072
9530000 471.238
9540000 468.017
9550000 465.037
9560000 461.75
9570000 459.538
9580000 456.331
9590000 452.646
9600000 450.396
9610000 447.302
9620000 443.951
9630000 440.863
9640000 438.259
9650000 434.92
9660000 432.132
9670000 429.248
9680000 426.137
9690000 422.713
9700000 419.84
9710000 417.567
9720000 413.881
9730000 410.641
9740000 407.55
9750000 405.545
9760000 401.58
9770000 398.652
9780000 395.561
9790000 392.221
9800000 390.051
9810000 387.176
9820000 384.511
9830000 381.127
9840000 378.148
9850000 375.841
9860000 372.169
9870000 369.19
9880000 366.261
9890000 362.86
9900000 360.468
9910000 357.232
9920000 353.858
9930000 351.274
9940000 347.93
9950000 344.914
9960000 342.253
9970000 339.408
9980000 336.908
9990000 333.868
10000000 330.658
10010000 326.73
10020000 323.887
10030000 321.036
10040000 317.919
10050000 315.215
10060000 312.064
10070000 308.941
10080000 305.787
10090000 303.275
10100000 299.159
10110000 300.182
10120000 299.617
10130000 300.077
10140000 300.192
10150000 300.464
10160000 299.741
10170000 300.784
10180000 300.309
10190000 299.52
10200000 300.713
